72
7 427 1913 365 1492 440 493
1708 581 732 1883 1176 29 1925
1423 1460 315 444 1807 246 456
1943 915 720 1023 58 110 1141
1724 1477 1985 1060 1314 496 866
1545 1703 386 1361 1890 486 1117
292 367 700 1138 1097 1004 1963
644 1243 1716 1177 811 491 240
499 562 982 1949 1562 1449 61
314 1471 576 1997 1947 920 1646
1144 1913 777 837 84 926 1871
318 1443 724 1429 554 1790 56
72 1854 202 1294 17 1905 750
1262 1170 1388 808 1559 134 1490
581 930 500 993 1521 1786 1265
1933 1016 1037 225 635 1733 101
1799 1763 1364 114 1064 1960 214
467 1304 1450 198 1931 1923 343
740 1889 1363 1728 397 457 1306
356 897 1488 289 1973 112 1
959 601 1749 1549 281 1702 1726
1859 1862 1135 1895 395 313 1944
1205 1767 497 77 964 744 1120
265 747 384 302 1170 1021 550
185 1920 888 201 1775 1659 122
1441 776 554 1224 1624 847 1049
1932 402 1117 1950 842 146 669
545 1626 368 1526 1326 389 1049
1637 496 1681 909 1899 1126 740
141 883 1534 1089 1862 1120 87
1080 1998 1004 85 1763 1792 1584
339 1477 1203 1610 1426 1325 1148
872 811 451 32 1891 1767 255
676 1378 154 839 1573 1832 45
1763 661 1817 1414 1186 787 1592
648 994 1072 34 1789 926 898
1500 1468 1326 15 1842 1488 1574
213 141 1958 1180 1054 627 806
1703 86 665 770 1387 459 1568
25 686 757 498 1788 1253 1323
1728 1506 1592 1541 764 615 882
270 1379 113 918 709 1502 1809
330 610 524 467 1778 1371 380
739 469 1454 966 8 1043 1805
1825 1344 65 1181 175 405 666
1367 1348 1638 976 367 955 1569
18 1236 560 1093 226 765 1828
33 1046 806 1589 737 752 35
44 1977 755 620 1523 476 1344
858 1071 1984 760 24 91 318
884 1280 568 55 1573 463 1357
1246 737 1895 1783 1056 687 214
1363 42 1551 412 1573 1912 993
1022 152 492 1139 647 1700 583
553 1457 784 1835 1666 1119 88
698 735 191 1247 218 1583 1714
1067 1286 207 1243 1456 1083 276
1294 16 130 673 1040 1794 1340
1068 1506 1681 109 1543 1861 524
195 145 194 476 1083 72 1153
416 440 1034 150 344 331 974
269 1041 1369 820 843 1967 1996
848 274 132 1599 122 470 347
870 1010 1960 193 431 75 604
453 1530 349 1256 808 711 715
205 380 1600 1330 1089 1691 1166
958 1448 260 722 561 844 812
1939 1806 1868 1314 1741 1421 665
552 876 354 1302 1826 49 1979
1656 1730 28 521 1125 424 889
1687 1630 1929 1653 974 1919 1770
1755 1079 1938 1391 1469 1266 1584
