77
1167 1772 973 1509 809 1322 821
1042 1358 1738 1214 1982 581 1206
261 886 1498 797 707 51 143
919 1097 890 707 1860 430 625
269 1167 1491 867 1557 1064 634
1739 371 474 145 38 1308 69
1041 1456 955 1213 196 694 1984
1793 674 1046 1844 1532 1563 1865
1343 1587 426 1028 89 88 266
500 1698 1334 1279 1115 665 1260
1705 1569 663 1588 1457 558 707
1736 898 448 1570 545 1448 795
1334 1744 141 1677 205 1269 1210
287 1302 29 562 590 1710 959
1724 835 1639 1914 941 1764 565
1551 374 1694 184 938 1633 843
649 1539 1150 1125 100 1709 1733
799 1966 1141 488 1677 1556 608
992 1514 1976 1424 1619 1090 1600
681 541 1118 1223 1208 461 829
1939 1444 1163 1845 572 21 992
1609 933 925 350 192 1963 1314
818 1338 686 506 95 519 1870
449 1585 1305 1132 237 830 1773
1127 688 1087 407 1322 1590 954
900 676 1510 1962 43 330 1646
1329 1507 1517 1574 253 320 711
1686 1737 914 1861 791 947 618
1943 1653 949 667 1894 480 1116
629 1355 188 169 28 1691 254
940 889 1567 1290 435 1090 1847
1010 1245 518 165 101 1237 1819
372 1794 109 951 1817 561 1149
1405 35 914 332 1974 1421 1601
1393 1329 425 1563 905 1427 392
162 542 259 1531 662 671 1709
901 1337 408 1440 1639 825 390
56 1463 306 1399 1953 1255 1884
1776 1527 1812 198 720 70 1544
1581 446 1606 238 1014 117 349
1335 335 277 1092 1164 443 1100
1323 1814 858 52 1882 840 363
762 274 788 448 1805 877 476
1009 412 169 1759 627 34 998
1977 434 1296 1236 1414 1579 1865
1326 495 1486 375 26 354 1144
199 770 1331 168 1761 417 1209
786 1811 1276 1302 641 1562 1191
1140 413 475 1804 73 595 1805
937 1272 1528 1905 642 826 361
1105 1553 1903 1099 256 1043 1143
962 1822 787 496 119 1862 1237
169 1744 1325 1162 1569 164 1734
1681 1428 1558 1982 1703 1364 1015
247 572 55 1830 1192 1263 1152
1403 19 94 9 1346 89 1421
1738 1383 380 1334 1946 819 1312
1913 608 720 1791 65 1722 1165
375 1737 649 155 1520 839 663
1003 1483 931 921 1380 1001 318
1374 1955 319 14 733 1058 1306
425 187 1214 1827 951 1475 1861
554 1673 1535 628 1497 1089 1948
1259 238 1116 1938 664 36 1532
220 1464 1944 1307 1222 1537 1203
345 184 609 240 1901 32 336
1975 926 754 1066 1505 1679 43
649 1474 1371 1842 732 1785 646
263 1757 54 1183 1004 1507 587
88 1800 469 23 223 1414 111
1115 1776 1618 1859 1565 639 571
1948 741 1676 1392 1729 1450 129
1124 1903 1783 1379 429 190 1854
1553 1927 875 282 844 1771 1427
1113 494 1251 328 352 230 932
602 719 1844 873 351 429 484
200 959 1219 1903 608 1209 63
