62
1956 714 512 361 1509 1041 687
348 677 1176 504 892 1626 1069
844 693 443 205 520 371 235
212 1696 1203 403 507 1775 227
314 1248 549 80 656 1719 1051
972 51 1280 502 1555 517 158
1568 912 55 223 638 1769 971
1959 157 1151 1203 830 105 1093
1684 686 1440 1773 1307 127 398
1086 762 96 877 1361 1960 1568
825 1875 206 1195 1681 1011 1224
175 368 1309 1230 968 1427 1095
699 1445 1188 152 229 184 1345
1011 644 1746 614 922 692 1803
204 1598 1951 210 1873 819 349
1113 103 981 1392 1295 1127 124
502 1686 1200 522 662 644 1622
1326 847 133 422 1707 1695 455
1047 1664 1724 854 1699 1454 356
821 1907 655 1120 687 67 1287
1827 1457 167 1907 1915 99 1261
515 840 558 195 418 1721 150
1902 432 1154 306 1050 465 1630
1175 1563 1740 1416 1341 585 75
1118 794 1657 894 21 142 1607
1944 1174 1349 1463 860 2 1927
1899 994 341 1091 794 1033 1374
255 1950 1693 828 327 1963 1651
1196 604 1137 812 1245 1106 852
804 712 1489 1090 792 863 1006
1662 1939 1129 309 1638 1768 1466
1458 1950 703 78 1713 1691 44
313 789 1655 32 437 1287 758
788 623 157 160 1174 316 1558
901 990 727 1730 470 129 1182
1755 1897 896 802 630 895 135
1052 1179 501 121 54 997 94
575 544 1720 176 1573 558 383
1887 1216 1407 1315 1449 119 759
332 1485 739 1228 1350 673 883
1231 228 1404 1617 1817 1932 1969
1694 1710 600 802 95 1725 1907
1766 643 294 1677 1935 1975 1343
1836 88 1502 456 214 1941 1125
1392 1344 397 975 1541 52 544
941 1205 598 1416 707 281 1699
794 1951 483 114 223 302 1829
17 824 271 137 1636 953 1256
184 1975 1538 595 250 1462 699
829 1070 1309 1101 112 46 935
1091 1628 216 985 1881 1882 1970
125 1838 1737 1080 36 1439 571
782 781 1941 458 777 1438 1420
474 30 1932 588 812 1326 889
1644 1098 1707 1766 246 1601 1103
538 550 860 1633 1588 987 615
744 1720 1805 1468 19 655 451
236 1588 1266 209 1233 1866 246
153 846 15 1254 1696 538 1604
413 118 685 1095 1362 747 1870
1270 149 1477 1252 541 1182 1865
670 16 302 559 1899 640 895
