41
1094 674 842 1603 1737 1957 1822
770 1762 1564 834 839 573 1725
426 1521 719 1374 1504 786 136
349 1250 1392 642 911 836 1404
1101 839 1850 1313 277 1343 1908
389 108 1773 1545 1017 1708 118
761 333 1148 1505 946 1499 1413
360 845 1550 13 1542 1798 1583
410 556 1295 1571 1353 738 916
1465 551 1146 1293 1886 1424 436
433 77 1071 1740 1808 1087 56
144 1783 1417 1752 714 1783 306
761 1762 131 826 273 591 1779
1061 1669 944 1819 295 772 1986
1467 1501 1107 906 703 389 1063
541 870 1199 612 293 1042 428
1076 816 1082 1923 1789 819 643
637 956 791 1420 1296 1127 756
970 278 145 75 333 812 598
564 1675 1806 0 884 140 473
1469 342 312 1230 1360 106 774
1492 75 1851 1280 861 1261 1165
1868 283 277 565 1589 37 314
311 335 1519 542 797 576 1864
1474 1640 1173 1506 1183 1310 1156
1681 1958 729 893 1354 1790 1087
1488 978 861 1099 1646 590 869
275 685 294 804 1950 1878 1822
383 334 459 1872 1841 569 181
750 768 1661 648 498 1496 545
266 1707 1969 1115 1198 226 223
1688 979 839 1342 850 1150 952
712 1503 593 617 1890 1983 490
1912 487 1596 1190 298 790 1390
449 1330 811 1162 225 1645 1255
432 1982 1884 350 344 585 1507
764 1634 4 974 862 432 90
1567 1798 545 1309 1216 475 223
1769 755 1105 1293 1152 1815 1956
1476 744 586 117 1411 1293 1442
1361 1232 1913 1172 1426 1145 1506
