27
1591 1461 1704 897 224 723 1015
301 276 1278 1947 1650 631 1051
1180 1626 1849 487 1175 220 1622
1062 700 1213 1870 327 510 1998
1984 1931 1719 1493 1024 1513 120
1152 1269 1797 1140 231 1942 1612
31 523 1628 1564 1195 1679 1210
1254 904 532 1888 228 1205 341
939 426 1301 1936 1447 408 1906
1996 513 1364 1617 33 220 1770
1089 288 1207 1324 1673 1633 1364
1704 1036 1677 1629 1769 10 1296
1166 633 1937 1036 346 1334 284
1900 1734 810 484 503 129 1300
1761 1221 1278 729 585 750 809
785 643 1345 253 643 1335 627
1051 1362 592 674 908 463 1864
226 1293 1685 641 1354 239 429
700 52 1990 333 1337 1440 1270
1722 1638 1048 1646 155 1272 923
1278 1209 1127 1317 979 100 1233
1058 1204 1483 1969 1153 855 1854
1851 433 1771 724 579 294 1396
40 19 1575 1490 964 1067 284
1316 1008 545 966 1556 874 1000
1958 1846 707 69 694 823 1592
872 871 1604 230 1454 1838 594
