85
485 790 573 1915 1793 443 1930
1819 1557 1493 237 1374 598 1724
569 1258 1797 1039 190 949 1847
137 1573 1899 642 1509 1860 1020
1778 1840 1254 1343 1074 1959 525
7 1908 415 1461 468 1607 421
1187 1826 977 1126 1422 1043 901
1714 607 389 969 353 572 538
1686 1061 349 1504 771 1817 895
958 740 1437 667 489 979 1202
1710 118 526 1443 1886 1494 1141
712 940 3 1899 176 773 375
1254 102 895 864 444 351 1315
152 673 1246 1964 463 1168 1269
578 489 1270 1091 408 979 571
1452 1853 157 1588 289 1007 1230
1197 1613 1297 484 158 437 1195
433 1983 758 1754 447 1768 953
551 246 23 1949 888 975 1987
1739 680 790 582 241 1923 995
610 1572 1086 1808 1374 169 1445
1929 891 388 1002 1700 1613 927
247 1293 575 1634 1274 1890 229
79 1962 1487 207 1406 260 523
1839 1986 1592 1616 1625 1100 1372
446 165 1320 497 1299 1513 1467
1794 809 548 1628 1518 564 444
440 792 1330 378 1294 568 691
1861 797 1736 853 1341 1052 1528
1450 1465 58 1497 851 1764 1354
386 1883 798 1412 1957 316 1938
889 580 795 311 12 730 74
1188 1140 1471 151 163 1608 1864
771 1823 235 651 914 251 524
1755 1434 44 1523 622 1518 883
967 434 660 7 1547 843 1269
1587 827 1500 33 305 110 1645
952 1279 1446 1596 332 798 667
564 1810 1063 1909 1952 420 1495
32 1743 799 428 611 1324 66
1712 1418 920 1375 803 393 1845
1808 1045 1873 915 815 1612 615
1447 1900 1348 1956 1485 193 1796
990 1700 271 275 1350 1845 1322
471 1559 336 713 1796 1929 334
467 252 1307 138 1883 493 1502
1973 137 61 1440 1754 1599 1842
198 1837 804 286 902 607 1533
1659 1646 796 74 223 344 585
733 1275 19 157 1598 972 10
1432 1511 1835 1163 38 92 547
1013 1998 481 612 1389 1151 215
898 1060 897 1170 535 831 1267
952 281 553 961 759 315 768
606 1594 404 1910 1139 154 411
1909 1792 1459 80 177 78 1185
1983 690 1583 1155 79 417 89
758 1587 845 1143 778 186 882
1203 1902 258 1274 637 153 1044
1748 1174 339 341 164 1531 372
287 1498 781 1316 262 1665 1853
1868 1365 1397 134 1263 1872 384
1828 379 1081 55 444 1768 395
393 937 481 1467 1910 838 655
1759 440 432 152 352 1031 994
1470 1411 1192 1556 617 307 581
689 741 1689 1216 1883 1033 1373
1456 1463 304 1849 305 651 908
768 190 119 411 1753 319 815
522 96 1887 602 1195 1040 676
1297 1092 1665 65 1548 837 1028
79 948 111 855 1949 1139 861
1397 184 1206 1322 1134 628 292
1829 743 41 717 1416 1541 201
1347 59 789 1949 1013 1248 12
375 1263 1879 306 570 1250 1518
188 1245 255 159 195 1806 383
337 673 1844 688 1771 1006 1974
963 818 776 555 22 46 1931
920 1921 364 1157 865 396 1744
1976 1920 591 120 1078 1764 460
1125 1240 1383 655 480 208 416
698 711 249 1709 68 1380 0
208 81 321 1258 508 995 244
1432 889 1964 1859 1044 1840 1753
