74
1055 1502 529 1289 820 63 1076
1147 732 1989 411 1780 597 453
264 1292 674 1807 1364 1112 812
520 1140 1621 1330 1425 1187 1170
478 797 142 1990 359 991 876
1830 235 426 1811 1222 274 1887
895 1225 788 489 1225 1584 1287
1886 1416 326 1933 88 1410 1541
324 876 275 1734 1771 172 1906
835 1858 496 1923 567 1665 403
1548 1059 655 1966 779 1366 1603
1484 1617 1278 1144 1860 715 1670
806 420 1460 551 1253 780 406
834 1436 1705 583 729 573 1035
1418 1367 1569 1395 1888 1322 1893
450 43 1005 359 854 44 218
175 1882 926 1386 1054 437 467
1136 1075 705 1235 461 1226 5
1315 1066 3 506 567 289 18
1226 1716 1933 929 1493 561 712
1259 1438 1766 1984 1459 1083 644
1709 876 38 1228 1153 1848 641
1475 106 701 1434 1150 182 1930
204 441 1038 486 303 1648 1896
1142 1740 291 1386 1169 430 128
747 716 330 282 1947 1867 400
474 112 549 692 898 1105 1790
244 462 1929 908 1969 270 794
653 679 9 1786 290 491 114
536 1706 1841 923 238 377 531
1558 542 1754 1549 1811 1308 219
882 1842 1668 553 1128 590 638
1587 817 474 334 105 1620 1402
1024 644 1983 1970 768 1099 1962
155 134 65 236 1746 334 1366
525 404 344 590 1278 164 373
208 1916 822 1803 1522 833 610
1042 1741 1735 1042 682 402 689
988 77 61 1677 1208 126 339
1457 1934 705 912 1788 729 1374
1329 797 769 913 436 992 146
130 772 885 96 1300 975 1344
404 1835 1104 800 1448 1045 712
639 1629 1725 137 1311 1724 302
1179 963 1815 1905 1911 1726 1024
1551 1182 616 1482 935 1341 1397
1297 91 477 1311 99 412 352
1616 1665 451 1310 1082 257 943
509 999 1744 714 1891 613 1885
990 769 319 426 790 1924 520
1384 1603 1949 1537 621 176 1740
1881 1372 1637 35 114 1771 1208
1007 1819 1982 192 753 75 1674
393 853 463 1664 2000 808 1053
1600 149 772 671 430 1313 986
1598 1833 526 1243 399 862 1334
1110 809 974 1271 1312 108 1883
433 521 191 99 1565 437 1963
478 415 1692 763 1550 1408 788
1669 367 337 1617 1416 1667 88
907 1095 1112 407 311 1010 170
922 86 1751 70 513 166 1822
561 721 1916 1806 13 1590 80
1093 373 1989 1065 1382 467 837
1729 1745 1628 1990 1175 646 1366
1818 1515 1211 302 552 264 278
1979 20 141 1221 1019 1485 88
1046 1082 1079 1 576 659 845
1305 1001 1724 569 837 1610 76
101 1701 134 1147 1876 1263 1382
1446 1814 1004 565 863 1296 1138
1237 1325 158 821 1993 1580 1643
797 1177 367 790 1047 1055 1203
1962 1573 370 1566 6 526 1021
