72
88 133 612 824 956 19 1
694 1140 817 1516 1033 259 1549
1261 104 762 1804 258 1772 800
1994 942 1637 1103 1368 1410 819
1703 646 1297 1391 1605 34 1038
1019 1234 1912 899 1074 977 1180
1872 266 326 654 357 1672 1907
1339 1194 366 1490 1472 404 1939
300 1664 3 611 89 1499 15
903 1671 1533 936 1447 450 687
378 1215 1675 1425 1875 1628 472
852 1471 422 1434 1632 131 1760
806 243 310 221 330 1313 412
696 828 1018 904 1802 847 1657
1552 1068 66 120 395 1414 562
610 1708 29 1825 634 1755 1956
403 606 260 1805 1825 553 1179
1320 1011 1656 1987 414 751 394
0 64 1413 1561 14 1351 1813
161 301 366 298 268 1149 122
1116 1784 329 306 1679 1256 1288
1509 1929 1934 1336 1635 1597 1164
1629 145 441 1702 1887 441 1877
1236 31 241 61 439 1356 120
1464 1055 1251 1408 538 1586 196
202 848 1364 1121 1186 231 1516
1810 343 1389 841 1298 652 1318
84 1038 371 888 619 284 1787
1328 625 915 157 1873 1671 115
108 1794 1756 1933 552 1691 1929
1216 1516 1416 1985 1582 835 393
628 1940 497 1424 27 391 1119
161 78 544 366 1144 1700 224
14 707 1702 1267 1345 594 1617
451 306 1711 797 1034 350 1665
499 555 1486 305 1860 962 1123
108 916 84 809 987 181 255
810 1945 1410 746 1431 1349 1892
1397 1896 256 827 115 1610 1179
1992 1197 1591 867 590 113 1002
463 487 786 1878 1930 1253 972
29 554 829 473 1070 291 600
1744 1361 288 1466 1545 1801 1604
659 398 577 113 1847 71 1292
401 792 1199 385 304 850 1144
1458 152 674 393 850 780 723
1792 1375 912 1755 913 1432 86
1216 470 1393 523 504 1933 233
48 1077 276 1353 1958 39 1051
620 1850 1089 338 169 818 581
1253 595 1157 1720 1476 679 119
34 181 1471 708 359 1384 203
680 221 785 1420 766 1812 1453
1258 16 571 1692 733 1398 437
1488 1767 1850 1968 602 702 1648
1207 133 36 1532 1442 1567 931
1115 219 155 1456 388 682 1010
705 1912 1698 1791 588 1143 1718
9 347 1185 460 1490 943 1665
614 990 853 222 1086 966 565
1158 125 47 1923 1984 1282 1093
489 957 146 959 883 1990 365
1995 1350 1421 604 12 1862 1092
1666 964 1571 380 1034 1695 1287
876 391 1304 1177 1422 1643 1199
660 622 1197 1210 728 1299 736
170 1642 672 613 856 1469 928
1766 1270 1095 1411 445 1913 1523
453 1542 1976 1857 212 788 1406
429 1972 1312 1688 1046 263 1654
59 1499 818 1998 549 821 1820
116 621 58 1712 1726 719 913
