29
1512 1778 914 1053 614 1974 740
867 181 529 1463 311 1958 1195
303 1355 1608 1161 203 1785 1849
826 1717 943 607 1790 216 485
1113 1558 958 1871 626 1715 1782
1666 1869 493 1224 1295 463 1395
1100 146 1981 998 184 1988 1342
1167 981 965 642 325 680 1746
1282 302 1877 237 898 1057 1806
48 1396 1909 1738 282 1465 95
757 1639 1664 683 995 1326 219
343 1819 1307 1660 49 1989 1620
904 1934 1493 1311 1796 462 441
49 726 1294 932 1163 758 89
1001 690 728 1860 1208 1911 1115
1483 1205 391 1606 977 1038 1680
984 1484 119 1826 1151 1474 330
289 577 432 755 1441 1565 521
63 1623 1311 1097 1706 544 641
974 1393 847 286 860 695 476
1673 547 1568 1435 1198 1490 831
471 1849 1061 822 924 765 753
650 1780 1659 1959 557 1172 1920
398 854 896 1569 931 726 781
23 147 1359 983 753 592 783
1772 910 459 1869 1707 338 1178
1248 799 179 615 1202 1680 1589
1815 647 5 617 937 1085 1400
1754 591 1663 574 452 1225 1925
